281700
918319
934066
45304
540336
546156
210597
814404
910989
422269
589957
531389
609885
599750
616143
76237
492217
929025
714405
639820
338058
80637
951707
22503
172492
11992
151447
796970
627838
478338
855404
631998
149003
794375
82817
600817
684370
43090
552080
616379
25167
909874
78402
404690
195838
847482
456329
460021
678000
65208
468500
825344
19470
63324
550341
868284
976928
908447
341537
858326
355177
295822
46723
142649
424915
232520
724091
25169
318330
958544
436993
204968
137672
747335
862952
587504
712261
446975
762837
478307
63950
668408
173741
268295
562913
435061
292972
567188
841686
865342
482814
407190
694819
645200
388582
118128
856438
237481
432683
250819
133813
88792
635828
815519
604875
630017
891907
596979
844241
582800
502423
871442
634885
612134
764816
595836
641863
98160
62760
775885
587275
426630
696037
190612
334577
183665
70645
913304
775300
659265
31964
257597
602264
974198
326763
985270
909193
704132
377233
227827
672050
912709
218739
245976
816718
361179
115823
825028
256525
730051
933182
715762
415483
521251
338930
774615
683696
378709
643339
3309
55418
775681
20358
823387
332343
812080
51950
593201
848329
515581
585528
381105
594052
471036
169088
95329
51352
280968
131276
407723
235538
560506
296913
41478
398894
277316
375475
618131
695280
408407
904056
331767
475246
704661
885351
146286
376206
53792
382556
949643
413430
642007
475978
669905
16990
288707
705767
348047
539560
660301
996733
609618
451627
566899
739010
293556
237225
81160
561324
440290
502309
986191
299704
428256
763924
712880
326039
491430
323153
489763
883038
155244
688914
21353
535310
310964
548589
679613
689905
409913
767521
546415
591093
603613
205094
34331
7424
611017
999026
216401
767629
791240
974157
803635
802890
445663
807183
386811
256557
409044
285799
794259
744706
295237
428060
364929
841964
967254
711830
732269
302642
7316
870777
877940
663730
444214
685585
220111
783640
88751
415967
186475
317992
889424
31133
509044
931405
181669
422525
468315
259746
702450
259453
555418
853000
202885
330912
456642
835767
645441
982083
611962
306337
290692
409243
709396
257464
339578
692730
120525
820087
816031
959709
126875
664617
585902
105254
171123
841711
936788
508170
541333
575590
337641
36614
406403
680743
698193
410097
515990
6773
39962
145019
585105
767149
707021
655616
683060
848454
822741
135173
694801
813144
329119
846151
657186
474749
132872
904082
17083
624407
851899
521503
200194
623248
404162
409004
700238
676909
940865
145010
165721
83093
796980
681801
579688
25221
68162
911689
965145
729941
324094
710528
355775
946198
750590
790256
398638
726011
535961
674179
652352
549544
168458
420056
687840
289233
107348
813770
356473
218267
951832
416301
428782
465108
379819
491771
414929
229282
984094
464259
720326
418459
873501
559486
434792
180589
630960
75640
969928
59019
900070
817196
619006
729127
387163
632332
65314
84606
644967
174978
553915
797493
444063
740430
800182
337507
833844
339153
390455
538855
432629
467424
383907
698712
239215
512963
202391
985616
656802
400491
160403
635398
693837
317204
684270
354922
110395
988269
774934
402480
294325
337991
354652
112683
875512
344517
649218
230668
623832
634384
651883
259348
836572
819665
646313
887024
606488
468133
305424
194617
836489
595166
438907
266599
22640
954463
326554
806396
842366
172596
446681
863575
27991
929984
812011
140772
78973
711387
215527
523250
226912
801604
842072
362613
616727
492743
900854
569212
112641
255971
136415
996128
876021
444146
424472
313782
375833
885307
976558
942727
502496
681674
81303
424234
559592
368970
524880
38012
120066
910070
53917
868249
857886
624700
776196
701953
294295
109156
956477
949463
54011
297219
739609
713799
309874
56868
497952
293890
970603
480921
405529
591853
868186
642195
404544
857255
770221
845735
284168
647981
505114
92134
900272
9597
242382
744573
253431
103331
793102
659372
58759
786101
287046
47093
492422
636610
215009
902296
550747
672691
916441
783755
265545
694529
187830
999643
416531
697542
306230
612930
213925
259682
500670
618075
977523
934464
988092
12511
220581
541332
366124
68314
408882
240405
222092
825905
239252
47156
907377
266347
617120
856214
401543
940109
593355
138579
752492
331456
258032
317094
659493
544185
260333
676583
586952
104172
135690
801146
610842
723990
654669
699869
301989
709858
556131
75115
937769
909173
511562
69716
249873
249991
486501
279887
714191
773185
172726
962572
823344
860695
740661
255806
504581
614033
816398
775851
255816
546628
943309
586636
931924
906514
878327
34887
912801
281997
352068
97019
421836
729173
120681
635503
384415
333899
653632
31550
695346
957632
639844
465236
971315
79114
70016
570113
193535
483102
702152
477233
417793
432426
393863
71718
768619
977455
382008
868405
463258
16326
955215
647238
146122
976317
212076
277675
294939
605701
446714
570553
708456
354133
182633
986219
401336
456917
505634
762315
585422
878873
872573
935570
277615
788520
299321
918271
954050
453876
800392
279864
56309
931515
218196
613414
433752
715895
154207
370341
433099
853397
542149
684795
482216
874799
194992
290983
61596
446656
937010
483539
202825
421185
400978
357632
816390
518180
464624
264655
24780
622791
806065
795081
835989
194742
563991
596590
943227
965069
621770
251704
512352
981400
172465
14624
215614
72014
570953
51851
117308
439652
855567
957345
222808
403982
862186
199538
961850
40615
889575
255250
890564
430067
843746
992578
49833
10354
338143
129501
22951
782635
90231
83845
649338
775200
550295
665942
42595
494147
601078
427310
747018
110190
357204
220645
491639
99670
309714
667543
607963
776715
430102
897571
584018
59707
53618
383140
972816
643808
114517
233036
302018
623324
860029
111745
329145
229695
824214
76922
542990
462278
169898
542998
419695
48006
740800
142808
206402
402469
602348
963621
625393
908534
677435
768775
88986
840793
598329
552310
50037
435488
732148
338543
258391
867895
484667
359263
262061
938437
179944
714844
157208
949750
506031
576615
911312
555312
392480
941123
448170
535002
884389
307134
170910
670774
829089
353094
870114
145083
648441
200836
24528
58178
930379
264101
416272
382365
47135
483294
650514
211095
391410
392453
600782
959847
603597
564139
411559
538144
712833
138110
863906
630932
751435
850685
768
974875
958601
477308
733852
387584
978680
139213
364660
73680
53100
261489
455138
3724
137584
285925
503123
626444
313157
923307
343231
351544
881748
819556
272552
221094
703700
437408
416689
370124
16368
106916
335436
688891
305497
14292
852750
548518
822019
923193
763462
710172
663703
498562
397712
837188
960873
284247
172789
168536
571737
368083
204910
84599
159230
585135
400808
179758
623853
271974
194666
512331
168081
76264
104486
450606
714559
464654
629619
662285
4269
265368
248953
351716
505644
874927
42681
495258
360077
484494
703450
683301
64504
100182
626501
656623
555340
893504
25141
492014
198955
381431
652238
856815
419939
425564
182383
