86511
745429
69224
383591
710753
530734
320189
65655
292388
653375
15596
438217
381013
251110
646453
820314
258595
703253
50347
645927
59568
222172
642651
529585
12164
49884
559734
137415
390972
912327
149860
941972
296234
529818
79684
92877
384033
992276
893534
234209
371511
355782
624106
13408
922548
155364
98916
389179
561243
633445
369298
320279
807640
199381
564576
16325
729798
266931
161458
853199
368412
596990
827164
280714
737063
85089
303382
123690
31574
9303
438362
353950
530137
552717
246635
333263
648487
727766
53914
171210
183161
860285
650970
648651
224027
602010
691577
330807
178409
105529
772769
953498
40210
907187
885828
685597
107492
301621
42236
852713
487962
216243
406709
502165
712734
588696
256918
244545
420377
448645
170794
602350
973132
129658
526005
886146
658083
4610
305987
916955
772329
95254
243415
370055
543417
795965
950001
945922
753414
335681
567945
612436
839781
313138
746565
226743
73063
11407
970508
920368
523997
292025
550748
146109
662664
205378
344345
10694
491078
552120
958453
701095
233325
722690
892364
167891
161023
648989
242869
301144
257352
445869
262101
955431
560501
846101
961520
977196
849401
314336
349326
681593
893933
23805
172694
929129
549945
857211
536278
464823
615344
209601
714491
100508
208484
163472
812738
260862
326940
56408
600642
78603
367953
202809
159296
140093
183408
26938
412442
395325
672321
812154
129951
748069
654646
248514
654389
840902
385187
841085
958983
651555
813106
282830
671506
106209
701723
27116
650850
657835
397153
810596
350492
750887
336528
676526
842959
188455
108181
70711
838186
673840
179625
463869
911494
552326
370275
717722
62998
278057
640757
697062
370081
895773
583589
951842
119717
273601
862867
46278
785284
650889
911971
938950
542870
922155
723953
978881
561826
59168
229738
984497
271551
55126
593558
200762
371874
226663
956717
7677
655105
230099
953367
675464
287816
290213
728995
675048
509856
288907
601481
87480
213622
281128
119000
687390
886485
972002
139961
159015
760778
931502
200473
770912
215345
63545
684825
404201
763353
562925
670634
569706
830143
926449
486762
177083
806688
137751
733163
424322
973291
805692
817905
190674
391169
722616
977414
929976
962901
192316
803916
95880
552907
980344
842727
615691
225336
275205
655233
515925
144878
654673
155729
88002
842355
281197
251752
360944
550439
143063
854070
450949
317883
666227
814093
362919
263739
697850
210032
406128
136476
535032
386868
348007
156156
405816
337025
950430
779466
154793
746630
632926
833702
574187
237140
90663
524934
817626
985349
671490
572104
754743
29024
986541
349397
679214
246414
475624
496221
281398
605146
299389
935233
749804
203014
658023
721741
546630
278927
654765
879162
618458
127182
480106
543339
755275
468308
36432
652287
167066
746935
755621
64982
731531
794641
647865
509533
517730
203206
751650
691055
738103
233386
690069
409953
295736
502815
799802
844527
947589
83189
227663
803722
240553
377582
143791
277370
600662
124022
403846
663856
623679
180914
964114
407911
480726
806477
522843
243284
467225
41635
360351
987376
483284
121175
889873
2965
807855
933832
155107
442005
729144
644296
45946
960225
87753
397562
385184
763587
830019
872617
122099
403531
498422
920772
405613
912058
493683
331228
669099
509782
987213
811934
94895
335897
171778
405526
984353
785944
187399
157718
337139
117806
475252
583148
817150
824137
699699
788757
340619
98820
332931
705445
612671
282839
691476
492335
940910
753031
986405
443119
374720
742228
957717
544045
298617
352013
52602
85598
322742
526021
138585
149444
121740
756807
5185
813413
868620
490793
118296
464648
411315
65108
365629
867746
749019
34823
252489
900568
734646
208538
164380
392292
146778
115784
810840
650663
605341
151691
236128
420601
460815
124636
662442
710850
353350
871364
817477
168459
746877
949058
916471
306492
277384
465761
405085
837555
515349
427310
482375
542154
726097
284587
62651
662625
794665
137047
83404
48049
124676
511154
632934
848228
58793
608797
156663
193664
213108
357931
313683
635546
321658
997870
636296
519925
764249
957954
819902
493171
130668
924895
642999
199510
349779
647129
534038
495871
470554
575346
279116
803981
442219
577586
738818
959056
438835
639101
612463
584392
627120
50402
727978
885583
476556
902990
743508
595139
72901
969296
742383
645706
606829
95017
154799
255471
466811
187860
501055
494214
80999
183059
856640
2821
813504
329090
949738
800130
650080
842579
314714
632437
121839
673289
610623
797362
190897
579005
917492
194710
968557
434491
780783
808644
420878
35092
291332
780290
139280
106527
223517
178635
930390
686100
899383
713485
503409
245993
791198
443402
708993
410625
411440
611651
555473
717878
240778
144788
75841
267863
46632
520228
400860
120314
564523
214579
410745
803131
299829
547583
911088
416199
821747
824341
441778
126041
28078
868884
412261
121899
85532
313594
262943
986425
521112
800264
541540
666940
111474
912350
732042
348801
395671
500647
173241
308058
815181
331210
992230
933004
317142
2921
954554
251980
5156
924556
475729
458184
612683
515657
477025
517878
369169
708483
474482
818104
324761
850109
297632
680666
577582
45345
293456
657976
343522
48311
887417
569432
773135
473055
695758
224663
623073
202562
528302
876841
268280
534134
635760
14830
161714
414880
927357
386591
243977
851756
264198
336431
976750
149824
801436
896065
479153
352319
157751
135316
957669
2034
151728
908378
583849
29539
606258
230455
968398
101569
304261
750010
74300
293570
177854
198094
144373
746516
770591
222803
323925
799048
92469
931783
677461
591051
888198
523717
913564
877197
316577
607991
76334
795310
359033
692356
469014
699698
251722
635152
574108
193224
846626
170196
881545
783507
688183
949665
600895
867749
399736
717477
19242
150330
371970
738547
994826
716117
706705
676416
337311
107928
408116
636706
302083
768305
218096
737052
726262
774568
778816
654063
229699
416788
999788
902098
789543
580126
262704
837704
466330
858523
931720
39918
121471
829571
555094
654967
301672
187499
110803
670607
406626
78045
56927
48983
721445
953086
916710
527285
869134
110724
419986
474226
346065
247480
948900
877930
865186
463632
485142
650789
364383
572116
881361
732825
620911
438496
160829
958994
119911
709044
885032
498486
94451
484457
722733
718703
854649
497302
646477
861160
779493
784914
184692
759139
23774
36297
434238
765940
837291
892140
440951
329473
323147
354174
233049
486309
465796
259609
285028
741613
968396
478800
193675
348561
369227
330732
915873
217992
282693
559641
112333
872171
441245
462359
565413
643381
807643
402942
547405
295964
31890
416625
324390
858353
128107
827790
315424
127611
237468
786678
727481
364217
417454
189876
590347
756977
766671
807608
85984
709175
288306
803700
744895
255864
282127
857229
441860
366774
907399
966648
813565
497763
646594
782620
583356
242641
260624
614828
41029
665728
709764
576118
807465
906526
422362
820571
837465
444121
236617
140774
749019
110072
113675
422311
854322
721275
532123
549717
355636
865112
671543
825172
50315
292796
468994
296888
555011
301542
876221
732291
726307
507379
391812
320380
141028
920672
887678
73057
471068
776012
405307
90141
108205
845467
817243
242917
220267
885791
748663
603284
925094
214873
571107
361530
594164
561967
840330
470123
758823
504317
398835
619992
231816
231021
270740
792007
913921
171266
348820
313911
630376
654294
801236
966024
427085
958591
125236
224234
500477
314151
627845
237069
979830
318454
931524
372177
183084
610773
434540
149148
616043
655825
323577
410074
841973
14358
210396
378889
632948
400139
494075
499018
821688
184367
321490
456769
891750
204743
352617
184324
642071
496076
235008
334786
151516
414925
450850
542526
152723
407264
720280
393316
284951
200237
429147
549115
823563
432031
466234
634792
294512
913057
143728
585929
494107
242484
930753
520055
313263
545943
318096
194873
770445
598941
130108
862462
273290
950763
830957
811668
275572
516971
555932
685219
5091
581240
30886
283653
622115
988920
649057
17183
816537
944801
62581
389224
325986
442076
633148
398
374792
538411
262857
545458
155089
444181
169313
204880
536223
132048
84948
644501
555734
150107
129086
61312
231664
403892
866896
725069
620132
551080
612979
576861
573548
517048
249063
139352
924127
386901
200395
545160
597675
703149
333627
524001
98088
235916
905532
118354
605007
260816
844624
748040
647820
848773
904731
949321
205442
812071
304314
973902
703409
5683
391499
701568
13000
249050
938713
286348
549979
328285
123155
553702
610596
143048
894377
337491
926221
548115
835032
997013
892233
63644
241518
837392
836718
121663
678510
166399
468109
803578
519661
955825
349302
708754
244044
160992
400353
570629
903727
677046
455241
339738
620486
81879
241877
513462
477583
454006
784239
972088
734339
241060
652390
901968
577773
539272
774781
683444
347979
693719
904325
743499
305009
381496
739432
671311
197487
78162
82183
999065
13643
915997
604928
372921
931511
403575
725401
889536
294618
801280
854634
836897
920670
504696
508092
505851
269371
532417
929091
545922
520190
940507
989258
303202
786746
40791
246400
521780
311284
207276
350607
909638
678283
611768
510093
572292
98939
315691
971753
14424
881527
930691
521581
910795
618529
668184
984258
877371
308886
830021
650452
938107
959552
167042
354289
21984
986384
81562
600405
610622
779374
645885
938773
154871
89781
182265
105229
388665
575395
3005
754171
14055
744970
710650
100081
684398
106691
638299
63007
90076
861510
805182
886688
4188
908020
806307
62249
977537
798756
698076
841861
543020
972944
878349
467106
269598
788474
380520
605965
595123
836449
908439
280750
355559
818588
334276
639885
932798
340280
635265
219990
877657
155456
18431
338689
869335
588245
868762
214676
910271
774400
346248
34233
488806
925406
594889
38378
459889
240940
36594
553259
255795
13984
15422
708027
486198
814546
274064
717744
291526
20436
637718
901801
736082
140649
269648
947092
480694
894215
865899
350181
69046
600554
765186
721606
251117
123115
150709
45960
7602
247093
96423
509110
373449
273699
691061
895358
724032
52330
66107
695443
945533
175436
158082
240675
679760
267796
12631
17614
594805
745744
724314
13181
911789
471419
241219
281195
749626
46048
191559
686408
767302
14931
184904
64300
466312
988313
174614
192725
851877
506053
372398
534116
827828
727341
845114
124709
813585
156334
102466
941766
276209
639973
505880
768923
412275
29170
535238
39378
48552
401652
497370
632832
921487
403583
112434
699551
663345
344792
569603
847509
625517
141704
700738
489883
541544
521384
779435
991058
151270
301674
64710
701815
813159
947948
829861
380431
842831
79643
153914
854243
232303
614541
113063
397387
120373
442385
633940
375702
467486
719896
299452
134021
108201
474241
158286
791868
571485
436995
718736
875716
987835
264142
405274
381091
970252
233697
334109
378570
556228
587150
496633
672203
780667
379579
350822
147416
454101
987466
794682
187162
465013
856181
812265
371544
974290
839860
728934
704909
920803
990074
900949
327435
131155
50095
830217
631029
55361
581099
891756
798947
660528
971427
899709
808130
767203
183147
561760
946296
247410
186852
920300
333570
260521
187820
569512
475402
127859
241596
9915
437631
255662
964158
261262
193713
327176
993444
798007
868074
548588
311812
987817
431335
374866
912422
100829
552191
169494
415365
837889
709134
379794
818504
943443
609758
79900
80080
668883
187485
130380
484998
212856
657288
291285
714806
679640
440348
803975
656622
873798
504271
222698
362667
940868
858721
42994
538210
115072
992064
56776
401402
388144
33347
325566
770978
842119
523076
681193
23657
237809
713083
415954
818192
994417
358457
89119
699302
559399
179344
917720
192104
451028
94728
883622
797824
126913
391436
901314
682218
759635
150530
550140
861541
990819
143473
207083
581921
132034
231949
970043
807140
987375
47685
238848
80707
551621
661892
140786
15013
967215
948992
269624
393853
111012
448555
322818
217854
831938
79342
665942
583755
995824
352103
194741
148095
850137
321432
177063
437675
899092
325946
131511
746909
841874
818696
949191
191441
695538
331775
480373
892889
924494
389859
307054
7523
415834
641052
828428
935390
830361
74923
800191
547203
616922
961504
603369
589557
983828
221537
226262
536027
539192
526530
695737
221251
522217
162949
322106
733864
527494
203997
195789
880735
736045
256549
795676
854461
193671
216576
699497
851929
303006
404209
697085
82824
400888
447627
553364
221608
992327
993720
589281
401604
732419
456539
473223
765474
559830
145918
727392
36446
732990
97761
943931
751311
917343
802699
59763
131014
144936
896052
494789
759648
920386
923290
537117
912519
398340
977058
177300
646953
848124
94593
50005
359080
980746
654895
576973
956448
789069
386766
42198
149579
577843
87858
603918
449386
937158
740320
637385
491160
111181
865166
193693
706110
628507
959411
846395
236714
944804
563306
374964
413796
759870
78824
401370
462551
683775
162027
588738
769902
500507
671070
625416
633203
161361
449583
999103
554906
300281
99823
256835
198342
984473
989655
232708
665728
73213
598418
600902
710980
14430
923280
742542
465898
644630
91745
253909
359361
990854
379327
505799
295101
859150
337768
602081
784338
200771
121006
776964
675603
362468
680532
569765
135688
767958
311930
124445
254882
156117
609134
154781
151609
852766
702892
313991
524054
402662
442552
487630
600041
955916
689028
339006
157222
120999
205875
975121
170530
350155
403287
323171
690860
445327
821251
455767
252376
790924
608506
284137
989095
648962
514731
459805
430971
142633
750635
991278
866014
822883
832516
3782
680585
941304
168583
687972
566730
886747
233421
468552
33235
390276
213176
420966
80051
842217
161494
575705
907438
766757
987033
773262
680203
285132
710612
264980
255187
620600
502399
625532
845854
467090
471410
554371
364561
311243
13718
829303
973317
807262
345377
282663
640903
101528
577566
690175
988296
646139
472000
186398
107270
995667
185356
930689
579056
587504
355083
470572
365669
94577
898951
437802
818919
313197
35554
824221
721196
629726
362201
350323
215811
36480
270141
130877
198408
18048
220049
467962
619572
132996
577842
166356
185149
19010
879064
613847
48700
869468
381376
989837
762691
983311
563174
37709
551816
19068
357265
850658
90053
70528
249774
809122
565962
634615
384645
540983
275830
32243
431822
545382
438280
633640
665357
677974
394816
376634
74852
169588
872717
799291
401092
693992
235045
212005
611514
696806
611518
205758
454040
745807
468660
589318
633549
174501
952808
539962
715569
724786
655977
16671
270125
247983
378290
793297
561887
444378
535721
35351
964169
249982
182291
822811
110341
236785
930302
361250
248703
266107
327778
795898
534704
676057
662533
497659
61530
990532
739663
793233
136334
555685
48274
768845
831290
395494
841954
786334
803899
947884
634030
269530
996935
559076
256776
50213
143755
944274
59409
321356
580119
317514
457437
543765
333651
335364
356778
333554
372706
92025
896874
585596
106785
20540
789822
858663
759700
66429
634325
999397
980269
896802
174873
616813
383658
50353
764541
678354
779958
668766
128136
885551
159405
18289
672826
453939
362003
989051
545096
538940
667206
47582
405937
239682
559191
26057
148590
980087
19053
617148
141143
803926
50520
962643
455911
618887
520280
299938
851567
679389
875797
400723
583449
53760
975347
847703
990495
334604
176466
426668
16358
824060
303594
749235
505470
970379
733585
814945
4189
981254
544424
684249
44131
528390
534668
793247
475853
642315
600372
425311
482067
414069
594605
5834
615275
938268
69496
308922
862096
766822
716704
136754
615921
783700
866067
181284
288265
230104
894966
507095
144252
539551
637589
376354
862912
17815
838803
803975
577274
781968
737162
838264
876933
212401
998747
89791
514311
51306
13113
666936
595681
640536
790193
294821
475529
43052
767394
161848
460688
404408
129482
668111
604819
122271
395899
904685
163061
41704
668060
749846
677883
4017
680141
548405
928254
286887
509831
69328
316979
592205
950910
628641
427746
331096
858063
300026
404381
940396
843675
695925
615418
50446
653974
69812
961894
518943
694283
56772
412174
494503
470006
731362
637546
651727
598787
533006
815275
237837
578689
67574
778134
951779
635069
786483
372851
153069
931950
869910
636859
81853
913667
304964
361482
479597
290563
799334
835661
223575
23069
2360
647591
949425
958735
988480
500236
407667
383606
961486
189193
666277
454174
755585
507887
964783
75610
189621
234222
3041
245876
262413
282213
823639
578625
326306
873744
722765
510023
298239
338373
397272
129445
907115
524724
914325
58688
858000
627025
413706
114868
820011
941289
42217
445197
301756
359145
817317
499846
892490
989387
461381
693098
188035
86112
318893
990180
925347
70799
225203
21309
695209
120789
601367
757663
908133
523864
671045
634601
321952
180169
950243
426682
367076
957843
780397
564606
326230
936680
986436
746062
33108
85037
21639
263343
948234
604726
229876
899222
75568
295759
269091
760159
215603
880898
427274
535569
683518
754992
375597
702434
514576
978387
295752
380489
970845
858553
511666
721362
882932
965100
522703
343990
662419
699480
632426
110564
669300
510248
987302
92242
620770
304602
652756
475886
970573
798963
671372
401755
317166
784222
532073
211441
515008
968383
992949
583855
569409
5460
392350
368792
573209
814184
376755
177834
958
596756
983076
474249
197142
959145
824718
239964
191254
51651
426353
307892
594192
311520
153049
167046
365301
871465
729151
504355
210373
463256
983997
571083
286433
641625
648179
397666
418670
90335
456271
215936
933710
969542
380190
682312
504405
599663
534400
978912
843678
136376
250959
974127
344269
118841
196098
525690
968434
476490
808506
275506
227261
393094
5178
82571
747725
855759
566924
347410
488988
634741
95373
258243
109522
689980
857838
435554
516981
681171
43092
666651
593150
119842
524533
28339
806900
16053
957524
184805
696608
979483
845831
851188
639849
606665
794845
992060
408608
551906
537913
726539
301893
808877
952309
535881
398086
622285
265719
261776
990482
95212
141357
235957
801569
843154
139479
60242
584548
83723
957606
190427
204656
721818
646006
117774
889083
70002
963826
417599
914845
459204
521877
561777
597559
663036
19552
796693
501171
74159
592804
220530
225444
554356
58623
632454
152714
765874
330916
516188
325516
924908
37816
970073
273412
494880
360466
987710
30568
668231
947067
945025
515410
830367
265761
339804
583946
831629
585121
144314
578846
199146
573075
15319
941101
544485
671605
228765
69992
610296
852826
191537
695490
4252
405051
572583
243219
276892
200036
177428
189492
948125
742637
760981
86106
748138
224870
774287
865390
4054
391125
535410
395912
401273
369138
154810
256491
26104
683030
516044
316198
220185
241449
249279
96684
931734
498226
556399
305998
988765
46762
237084
287545
149119
996982
666737
575378
150357
632863
549637
187704
140047
903807
247470
243205
761518
933673
973718
766349
55884
398344
377660
218978
383056
464110
939520
905551
701020
442974
41674
648219
934949
51789
5638
557553
981995
754884
351860
480164
120392
467657
744327
819353
228458
979592
711700
986949
453841
866225
367072
323228
716938
728145
733680
853948
930065
337537
77775
331917
69214
517689
158854
990307
720462
49476
678279
5204
368688
358106
887830
322323
942965
529094
347801
113864
278633
343384
141341
948845
160879
503675
684383
99972
475900
68703
837361
629617
158940
201096
137215
183446
457060
823795
903584
954494
416646
554571
768320
976331
357442
468176
63003
60132
349233
592338
364253
42583
642358
499115
676336
848
97067
456158
530267
213195
810180
833689
786009
166921
192460
697679
600748
902471
577554
257390
341214
552829
480869
469575
437265
146040
650967
622915
725268
700663
511214
748541
767089
38500
120565
599183
851547
444183
695771
660339
490972
309584
92914
863533
405271
642633
215794
583075
700424
498365
538504
383676
602578
2589
707676
890617
14213
233866
202820
964227
313441
482658
356112
807864
318073
861192
984910
635296
815034
281981
811599
920469
78061
921272
711488
200132
190073
720320
514132
170334
609859
952929
440653
120719
393236
878233
269375
407366
160295
804855
913378
203888
230339
390772
852013
240162
449072
381204
203908
968924
892911
368170
454602
855430
385028
149877
94648
106680
170657
555906
22035
607891
508456
474577
848635
69677
304067
969507
701794
495766
895826
645094
492175
804032
729246
70173
654510
88844
741449
615692
647122
814199
603129
758163
870784
828296
939505
131461
109894
437629
518874
39613
210832
273330
160705
867043
467870
733708
175083
803406
61010
49373
673302
606489
591025
171524
172985
275264
759186
283485
830943
715235
465018
213888
567182
863880
738172
106470
498799
8423
372557
313297
684611
191993
702517
790858
759821
971035
538331
873145
685300
678671
945296
451259
309565
559366
442341
511432
537788
327315
477869
209989
460572
945551
415464
650883
570745
643640
443690
181833
305209
664801
720873
462760
394591
631683
347365
933147
948049
401156
860049
421876
660026
64706
284789
630780
788468
722395
8477
193962
404589
713155
466403
632945
319787
117464
344955
470981
876266
868481
201127
562259
969179
137042
395440
519579
180119
954222
878476
289815
983823
490675
100183
581812
161485
745137
612065
21311
111529
21604
475835
661846
131594
177505
981142
623730
252687
245550
531512
905094
258106
211944
733652
936575
198697
695407
143902
550997
410440
815418
787888
779946
82760
654667
497817
422580
40262
20733
889669
396045
238953
278020
845623
674990
871836
865435
7117
820488
784006
580050
646209
854640
716528
26095
852525
927186
139616
837765
621909
685494
195837
904128
830724
926358
840215
729444
988563
417117
312546
991576
34319
669032
570922
444685
147337
18803
500649
837560
377465
180771
914612
742714
139354
778798
758719
203878
840536
966347
94591
357745
80068
612191
304770
513006
666185
381109
41455
240179
321125
600136
934432
154014
723558
992111
279193
702459
311682
497146
180298
483549
407463
484017
92844
583166
882604
139259
847026
158623
279179
877027
855128
616782
663015
825730
448220
473320
792920
750406
119455
714476
602006
393670
546120
229301
384753
99512
306426
851717
995223
460584
231763
421084
70389
32123
618956
279932
791660
170263
205967
502028
16768
504793
900993
657988
576561
206375
449201
129533
754103
859335
324944
981327
831742
825840
667627
172068
519756
8607
130063
965451
459985
468141
13094
4517
627034
183643
590390
247925
142872
387131
426138
420843
432007
826280
989687
277430
636350
447501
412565
566468
894652
250714
190533
275297
810248
230714
221464
996032
49709
106578
783335
575568
671700
777759
571960
63179
187635
940935
53387
531587
17248
66382
198999
191763
537551
625486
886677
611529
357263
845134
730738
257517
106960
551507
332897
829644
463322
798709
974408
39385
60929
817622
103577
224232
859650
269997
289666
662428
236360
440439
272732
802077
568819
428522
948045
862773
2913
558591
92267
384163
478282
44576
98760
975459
855173
218942
554576
419447
483436
778817
521371
435802
892405
586820
452248
279631
113036
600936
794859
947881
516238
582191
985485
603342
204251
558904
732675
509786
621076
171193
485057
489576
934903
425016
478304
310061
826759
504430
383441
581779
161221
256658
408002
605183
183366
516295
110693
466520
198249
379864
173884
70318
336220
541968
783041
879204
655344
597364
782573
129733
106939
205273
581052
900065
534773
989671
36597
340530
701375
738085
266108
499614
935952
534046
730792
647514
904433
37653
406957
608461
86377
254531
407420
580606
142721
139243
788929
385781
192087
525396
457628
727482
217901
967262
850506
668501
929355
407149
659631
471842
745606
351722
742282
598706
224101
456911
346488
651187
519747
869695
960900
949012
818805
809542
703778
220857
539786
311167
975231
340859
215429
325248
589981
500105
291584
272270
118179
520334
12065
746263
242960
732980
173810
117846
537082
308177
303468
956503
232701
943857
340915
220822
25585
974909
869423
467336
135987
454324
236407
706388
905892
516389
708313
64392
523259
520048
965182
554657
649350
44356
96387
404426
92357
575817
662444
621298
788123
991007
154337
519107
11188
628497
437175
794262
742462
938908
782511
506546
529083
928704
266191
188173
987114
593108
407715
375785
269860
956993
565438
961042
719068
187762
283578
357754
603809
841309
516905
500471
803372
822735
565218
814492
931063
593185
987807
9825
204102
883847
121971
237634
788241
773124
906377
659736
377443
836693
678235
838454
586281
881998
451501
121597
75941
638117
32539
663118
500373
344683
441686
140279
866733
976497
868361
47931
174519
154497
603666
263076
421961
835452
352796
3197
536289
265698
839185
60706
504070
778520
320801
955819
417896
834230
759560
403051
550567
882810
326681
606295
975729
991107
461079
178394
291062
187613
809991
278520
619985
312607
348176
902810
433811
140528
361747
726357
780255
702614
637045
656359
189172
221490
888596
508623
812491
802919
832028
573514
940104
758818
839698
149781
313206
74539
411940
58807
639554
485093
263114
931114
579418
962476
489755
16383
717443
83878
341648
471818
229681
38892
377884
748026
85004
339098
517240
899341
403812
860543
225209
941385
202101
150096
747790
905125
649449
552935
284652
749552
480914
988504
308785
710681
315570
544439
732292
110311
26132
957606
74301
184137
343766
124121
914564
205728
822107
191431
151345
870875
954814
998581
184953
538568
647382
971288
943576
314247
485784
63756
71268
814673
317994
973574
218430
954307
844935
104305
245035
827582
733134
349812
777712
873533
811947
779136
22320
143648
891774
227303
627585
28771
117412
487589
522131
136848
589910
410804
734514
532103
51637
289218
312600
562241
525737
366583
308014
217985
598196
848762
355425
28505
952979
607540
896165
146166
614651
493581
58523
192343
764855
773972
850861
893930
687301
369593
143435
727415
560274
215426
628291
398637
700773
786495
300087
694606
651815
185087
58542
295064
129680
840310
9406
49091
832138
637324
964223
628459
847242
661156
762037
967158
871813
753763
373430
253551
314139
843090
782555
535585
926651
530598
996705
696545
905290
794144
569864
95451
313836
173106
35350
679087
809232
484081
592163
927749
737973
543881
7927
175616
835573
649438
231535
598968
687357
78281
789710
73005
73658
231752
673754
914849
47267
635380
52737
636888
218439
169843
975280
377617
595558
423852
174212
226553
342213
769884
2796
802542
968435
480406
174355
572186
452879
927309
551344
853938
667270
563368
798195
368303
610743
187312
593685
584440
331513
782773
863285
610184
937532
167620
299765
44542
756048
995017
41076
818839
155615
389806
426463
290097
712547
368205
750982
210257
828888
998756
284814
987143
376921
720182
656809
556376
834708
570583
34477
902864
334231
266123
852624
901533
621652
90556
340882
661108
274677
817512
840675
567532
241207
391792
539215
174436
891463
277194
24339
984677
353937
27589
248467
406988
560426
866781
126322
421760
297545
231281
394493
86041
930990
759751
236963
225336
447318
766670
420581
285871
587895
29112
247658
878379
506122
814629
817859
973097
852986
160584
708380
182475
812047
32190
581419
236623
279394
138611
547677
212990
95502
214022
252489
518831
801117
751415
835943
790876
949636
565084
802782
494683
707049
224357
124708
409921
874624
55534
384988
577154
233849
953404
868741
779200
947874
370037
600394
907062
869451
916681
818316
977442
528013
464549
664831
436440
800177
759244
827857
857866
850837
855913
251097
318141
24869
528945
175249
309506
177047
93429
200937
313308
310431
223676
802255
113906
314916
559003
949111
823383
771191
816119
201621
86643
790301
198458
867343
3796
766802
733091
75729
33694
656692
257155
383978
330272
515839
859531
22298
815988
52852
117529
330116
635977
750307
224434
104141
820422
946108
136706
297835
858507
412080
347912
877918
15875
717889
975905
652006
956556
898111
36705
253366
142712
280471
609432
571240
20412
325552
438178
378320
633337
305878
273819
739250
419711
407069
870600
203975
596793
867165
518684
555071
52271
43544
702778
947391
609644
958405
317710
984317
998936
872631
317741
142497
732372
724458
491363
258722
19128
909657
154046
163036
528227
362780
739204
438390
690612
543680
296555
326437
841330
173311
120762
94044
312673
258486
354659
243969
109030
474072
406481
571224
263072
61341
445086
158409
297678
728733
69961
631250
770333
593418
661594
635291
134280
636800
123737
491242
808950
996731
849905
516096
459493
694006
484139
225285
978622
615420
765449
94412
189301
830433
488089
659523
520801
730690
715124
949079
877262
835435
777388
268671
621674
164352
597544
402047
312735
482535
277172
105057
615100
757697
317819
549433
152217
527325
824468
465737
258814
681958
95691
479218
791346
715803
632960
962017
135928
481741
605753
865325
768920
240767
291467
345200
764174
645958
933575
43774
386043
285092
567399
181031
275993
929660
608742
997591
976188
240818
40358
632915
276324
745079
141310
296151
778818
12013
66305
645575
703747
583574
851817
389538
969713
944730
820701
603600
234463
151679
811867
41551
968413
45207
756736
7195
654689
127670
575660
255852
243477
708818
836466
492224
517753
241807
393480
626088
951409
693511
799017
248560
312286
283440
923645
372255
322489
490531
947371
551102
207256
20975
961470
880558
713360
582388
672430
522246
69648
240330
832533
9034
559269
656289
954669
509865
224457
299071
525934
830181
314752
905626
493206
434424
348032
62918
265506
885974
407297
574020
116665
349350
694518
350940
770532
865610
211807
528799
880243
678212
53110
484073
914666
548788
371367
390223
225537
679640
973272
550715
617646
937652
660776
989777
454467
964839
480690
863437
871851
46937
845528
5564
914341
793897
91490
89315
33011
365069
486340
406585
399171
273875
947666
587698
918739
589524
820963
96723
472724
891089
2720
847269
136539
364410
717926
393353
922625
653429
913085
829237
94300
673218
851329
115432
806150
529469
614906
563375
547377
975240
642649
530589
401154
894553
79950
681297
908623
188615
454213
738376
161847
911163
964795
248345
126590
879241
630422
942373
549738
287678
897549
509191
770272
49854
566238
214302
33468
157947
235022
732150
953032
584593
193418
39289
180644
965709
64185
513558
640958
216312
245331
45329
841609
261933
302959
566173
721026
621652
184961
850208
53928
579856
128402
341318
335618
970853
563700
397243
183407
383119
120979
226908
609480
717896
911440
618344
786102
604399
868655
998872
746004
768661
93678
824040
595240
492596
473599
710122
96626
246279
410112
987235
239988
779228
474526
858363
895589
354456
575131
606578
860196
909695
317550
253371
439095
591181
547465
861784
67408
214602
574900
80663
109284
730442
442337
201226
546290
81044
968140
398229
962561
608829
674010
705954
733944
449344
385163
327777
883694
76997
169485
129194
286342
257213
596969
852924
355968
302778
37640
635996
477768
858216
788832
195521
19021
170857
765012
410556
872355
973435
700618
617188
343736
901177
593094
792349
604511
895330
208253
482506
628547
555777
867094
962325
426299
864061
297179
96169
237474
301344
219475
164573
610705
930750
86815
871330
867376
105579
788133
421755
666210
286757
500298
708841
138145
261439
612035
239938
715373
463143
724112
136616
920951
722618
664643
451430
246191
391827
672422
893524
6875
174540
906453
676711
179961
615905
802654
37401
850189
456216
703052
116672
993111
333641
346072
145124
893805
481698
695976
807790
504717
188722
399973
628223
543961
590989
294864
490651
100455
967310
550515
590389
720117
387361
200859
841681
854720
904432
122307
64969
996400
235616
463554
781107
909472
892245
63899
856537
475767
270022
401307
703292
310308
826637
580840
161384
938779
532439
79156
856234
139464
585378
861580
958556
146777
456184
745593
773263
58773
797362
915458
555650
583815
880974
508331
195119
820256
939150
536769
824839
932929
356977
664817
208
290192
539111
986857
280604
635132
242052
72296
122003
840198
321072
77841
910296
924596
736167
741664
976795
113880
644723
810924
228110
127943
981624
37437
12325
472791
449828
744268
867375
95764
367697
189376
349033
973199
831547
133113
223201
382280
513399
105042
446819
973494
926536
733167
778981
419203
953463
952614
242407
898583
659477
687927
807654
942338
382420
751147
77214
710188
446051
920880
478399
657479
613969
222491
509083
593564
808034
205096
740626
68002
72584
26157
328266
627586
948229
689131
162013
754714
994855
628531
147526
596991
56311
187027
354883
723845
889729
867162
463177
855501
115617
947158
800575
279347
871696
967850
83930
726324
475258
493467
235845
307183
605273
784466
171685
92479
558813
151566
824219
377318
914519
516112
645904
723088
845401
726218
472127
567947
101426
850720
767467
880250
899697
130788
57282
88988
569776
406657
466441
144027
425654
920596
552097
927811
990093
802004
703413
848402
635448
718627
944499
746471
518086
339613
487975
544022
865814
954386
583866
885169
945575
777150
100017
427234
740750
909259
10054
881103
340631
180520
362136
317242
214390
616302
763655
637634
135105
367922
981080
670213
398550
496122
535637
788684
226365
121429
494086
944842
120922
276550
681866
360853
260397
364649
725018
995356
259076
778597
183082
237053
389792
582788
694692
973828
102293
199874
70455
94357
667599
914729
78138
429370
64145
615408
277515
60606
748051
549114
420905
232754
36740
213957
429137
841183
117399
418889
801793
171036
103933
204831
862179
296804
419424
787176
803091
364267
563120
643433
180618
16420
940594
740070
478916
392343
457512
726878
507749
733737
755813
367132
922476
849992
195479
674663
118256
852606
129548
602748
323369
516978
482896
301478
664621
332696
38759
893294
612441
563920
320260
895873
802359
69276
903697
330166
440528
628381
795991
230815
949681
308650
672602
864535
952620
587558
285409
757235
75460
615177
582803
862181
860663
825725
740214
725785
561851
301838
113455
35915
799842
267785
821740
754442
238083
685881
64567
380196
449133
100067
116182
190338
279736
583372
570151
569840
62744
234109
4126
680546
420037
124169
654608
592713
592454
570269
549364
814315
208622
304828
725671
421510
12247
361183
670739
197604
758387
183492
981822
373367
407605
476279
759024
163961
443479
637070
731826
578275
588565
726857
776518
892142
339292
151149
489305
304536
570416
636032
492599
406800
250494
970881
929527
163349
712223
911547
444959
7188
86478
947433
920306
949385
963815
981338
720734
211950
58754
25904
571422
175240
527437
441771
157986
38264
716606
649731
423362
765818
219100
380583
928633
718378
373251
53136
879605
56783
242990
584854
233127
802055
268386
290662
42177
925717
39515
576801
91137
548444
664547
282497
565062
522494
488602
959180
155923
943907
16336
49311
816823
878662
77659
553335
611332
102519
565818
939016
82795
516714
457718
688697
444628
811668
409582
549975
415841
128782
56141
571772
17435
754228
177413
12249
841728
842501
357604
729924
554992
335700
370437
495620
551717
444273
137132
208572
653149
104812
912600
765969
847418
573354
448405
645365
110774
512590
293717
172840
461172
141305
602363
823063
28880
956635
284115
226546
222352
905599
480662
97841
327068
899044
20287
283298
533580
619560
298916
237421
871979
32582
608124
618575
637817
978335
535141
761054
723874
307341
741911
833381
722117
210615
627023
184672
911250
591698
901470
834779
754001
525019
156209
698223
45635
843305
391035
744445
646509
230155
474611
537743
180427
429310
942343
498069
212871
831094
464914
441685
396906
21631
686181
149207
350734
334231
345994
664356
649051
687433
255588
826678
276643
994813
195598
183543
416076
375729
814997
844789
603032
45905
451892
7399
885167
613204
677214
924710
460425
613358
112859
486896
392593
137151
827719
268277
187362
463050
978625
149519
537866
418986
679899
126635
692144
714555
377110
801212
662490
162471
84795
938010
388879
256487
469533
380779
133785
817392
567318
653759
550776
854476
939683
248065
766082
161275
499336
379440
862540
798943
286309
676710
492204
215961
966405
57811
475649
781286
696075
991381
202738
509009
266102
342912
92655
979688
102759
822062
446539
897549
613085
869754
542795
805088
116869
951069
267683
214650
819874
243524
244928
696362
466665
956460
662218
838967
65201
805282
392614
636195
910514
961290
807142
589985
14397
675219
905781
370595
993854
122194
405068
126436
783330
702422
922387
918812
514546
595407
584941
290109
153529
52320
54697
4520
260169
607209
81208
591143
942468
766398
276821
607331
483881
360317
210247
903763
54664
752818
456641
846987
408113
162285
972408
122475
536782
756121
356518
375845
940052
825758
713431
922990
408160
917881
938929
980686
816801
64982
406127
700504
214574
262553
67064
249519
766079
174322
443758
325643
397810
966680
49994
126408
770734
276993
187935
222410
813521
660505
177140
747210
253924
393887
863032
691636
209408
419640
35619
330793
334083
225367
507489
860176
127519
146596
470745
806511
15892
766743
453915
729295
985455
579417
621479
352291
222940
926184
517374
275205
955567
431606
682394
586269
418188
189897
761287
839525
807270
480974
791831
882906
659376
303089
421170
863655
944968
553989
898339
245906
969936
819165
981689
320653
222268
491907
34101
163427
606397
194390
3765
962098
282711
702507
736678
871675
311204
795415
723446
65313
730877
26134
418519
416550
965177
419319
67271
656278
469253
830505
852763
221995
900234
998142
133397
144566
890556
990914
197949
416878
33475
565090
589061
243264
444088
858352
381298
923524
503843
616296
804814
745814
871309
508319
56138
539090
104448
541503
254389
838096
279360
954806
922723
296976
87408
133286
730762
597099
213586
399256
726874
994152
91139
907960
659494
781370
959647
603442
393697
896498
469335
548243
970922
973571
515836
120929
414378
188888
957761
921659
851804
118823
522918
342696
255880
163294
783438
909186
522550
427635
263510
550483
651084
664949
699565
920622
907994
211172
737969
376919
973047
95624
997671
180099
319410
39630
565351
369632
889740
532634
524103
462563
97846
655962
263100
948815
390127
495778
510842
589617
102421
210592
97798
308736
376333
603068
732065
239070
544406
837590
199007
570807
673308
126559
992168
130809
256265
756280
479289
731662
458136
720786
998737
484506
460725
534665
555524
739903
578799
509391
244822
586167
462075
726199
45422
266593
166439
304252
850809
771008
268388
503200
727793
6883
893588
514723
344496
118555
73319
423948
887483
998782
201201
39926
825914
661045
794182
604809
511911
198805
574205
432
496664
945169
400746
790682
344280
461971
141877
748401
349333
764631
789592
420631
210014
975295
519208
720522
684559
766277
967809
685068
369579
652358
899720
281336
469353
103660
443876
380595
408164
804628
324699
794513
546578
890176
903920
991263
845079
870755
778790
428676
907346
963200
166523
791831
579335
786184
641815
553248
933930
318902
67907
698389
449689
697935
835139
552458
112245
207937
125814
683022
248615
534882
692439
37125
137242
156374
907338
820781
120471
329396
298888
734515
144464
781154
282294
245216
928790
260985
12430
57153
210684
255840
742219
617895
694837
848615
527503
685337
380038
616880
477934
483657
371790
632030
14547
318238
102068
14518
667536
780100
616639
412326
175142
251937
68802
701363
518884
319071
867012
617181
808261
478973
665857
659052
844478
434496
363294
646831
991436
468194
989728
861045
591389
520899
662197
75550
523818
665617
994129
193898
436826
413255
167235
228533
707671
122116
315190
208099
907680
985443
539603
552943
890007
779744
97699
4555
650252
522238
780439
712757
305896
395427
448454
114288
809750
317667
864475
620457
770406
687857
907523
884339
934909
861201
43123
230069
760666
879266
873613
459023
725752
435864
768087
957828
137032
521666
287542
433193
630450
866737
477348
831314
978661
148633
992708
612920
964791
719628
302885
817809
544230
101106
78226
732010
648761
836972
294511
489161
330166
680962
471799
610712
973157
140391
701224
492079
712430
416302
498727
61832
757064
796588
436583
660677
584299
671310
824405
190509
66761
46572
425972
45912
833424
669579
671355
431386
461197
492180
427639
328161
381401
627681
245299
682679
827840
903568
255417
358567
732031
293070
36309
266520
252721
40052
157793
466083
697357
320075
482378
478507
155738
25524
423193
663187
734364
957399
924048
385360
912146
71117
609393
720479
84754
288676
640623
55232
385915
111103
985785
344084
674107
994244
875758
848539
392079
700315
621766
769870
147302
368771
666611
94696
768569
548247
425301
138230
523169
81128
982953
365698
668170
904013
227179
358656
676595
588765
274682
668374
509260
353566
145055
137424
769987
314048
523828
804969
130462
516003
448523
592107
295328
161232
154604
25805
203160
261902
269035
627739
935678
861078
655075
238103
541057
899276
543392
524895
482380
140962
424592
543712
964544
879971
109415
11669
583620
316591
238885
512176
532986
117592
294058
750341
290968
149035
407057
188040
84736
198972
684062
807977
784681
632501
859394
50362
994750
17230
735885
442551
393239
745472
595613
244933
960759
677050
127451
127091
965559
727553
873132
679689
73260
753839
139869
563704
709366
868544
820497
643788
913505
109972
530571
879635
751536
525673
907138
330758
866841
332249
330623
464039
439492
549047
460196
852483
229891
399656
720921
187244
797367
386241
661258
626276
578815
553149
156132
804506
881441
545100
684114
937597
57079
34974
45026
522756
824372
975668
490866
522357
181414
364793
117878
669027
519452
473053
643452
194124
384486
541641
677330
89888
758411
976023
447454
183840
929171
391321
210122
726188
574757
930381
154555
991710
341420
948631
168474
491921
318419
854075
106133
343544
916963
916994
949262
421582
991802
910144
261900
419214
817228
103791
824790
394341
190725
817689
82403
745873
616808
153156
457260
888753
217687
987020
714814
802033
357140
199951
233187
627194
688764
722602
227728
553220
472212
43308
960140
417727
194997
312230
955040
588544
359374
50377
939618
341153
387408
953841
496662
882781
372272
902763
274718
287892
531371
328840
595517
261790
134269
406116
109930
797771
111927
619079
872505
833779
507371
872559
529556
33665
306297
383303
824274
111981
909449
240378
262651
994823
976601
880734
679660
248336
740001
189092
384082
370243
289825
699471
146359
267465
426308
46774
442549
875519
583433
436231
633706
258469
533689
435824
92529
559113
869345
890290
532100
461551
37796
520453
292964
161292
735074
772972
24433
294051
580025
639567
281139
987770
45151
965961
402976
203366
730814
787273
510745
901499
131652
355447
382270
757745
683176
132851
494148
654774
318692
908624
656260
137338
386268
38810
6810
912640
120864
996300
934899
497643
361248
239227
542100
620729
447149
666038
278906
205444
20996
652204
684526
22701
308007
972013
77869
808542
926800
479825
408156
249296
400713
665892
248400
21381
259425
922722
485778
744165
391972
169913
746719
542034
444184
126085
107490
941222
120894
629720
238252
249910
329127
394847
528957
324250
616427
280519
688267
240520
14862
471374
542772
427168
958017
769526
178983
561866
517716
509747
780708
32653
573253
614556
758438
911671
231111
662162
349510
829166
822315
765166
960997
199373
18776
172975
917218
236856
314502
807087
325894
295749
358884
932748
338116
844733
980581
271531
839613
730501
905684
245000
124064
436428
643923
191501
365806
659838
768792
572233
102660
780211
821408
813637
544154
718875
568460
745310
132187
336820
564475
615607
526449
856376
235562
708025
352265
913009
198356
377118
520578
271639
836003
848315
863734
993225
150414
425504
230201
545524
91918
275802
856783
257674
418078
814285
318348
836288
251110
920798
128525
644441
429985
78165
17100
492809
817847
984110
256671
51095
889348
217323
759443
347364
89234
984070
285544
213150
926009
604255
610243
427347
591264
913746
727793
490261
328466
924950
881627
101488
353135
953186
141164
230118
57554
285159
870567
369569
414531
132851
364546
631880
329066
149419
733395
218430
236800
168279
335149
269552
483471
830919
838204
574883
612181
629988
251447
206193
414871
525159
217128
462428
518917
728990
61142
500026
138794
997007
283563
819815
233335
988604
795088
99359
258245
605677
839421
607873
179384
915242
195093
450480
314447
53558
615620
72225
123266
99052
939205
296964
57481
974298
747420
400675
404137
698458
207054
798896
661946
379888
499439
461935
853814
550487
35828
796724
55918
293669
28528
277223
33025
408052
180099
186742
244271
352421
605845
177664
354818
290108
429582
316457
269222
63468
299072
164013
561727
545935
475164
437703
287903
803242
497087
92803
738655
406747
916748
36750
291914
94070
491954
584315
547336
591256
143963
493549
244043
787935
466131
881167
390425
478064
304666
684024
284555
811125
453072
842434
561431
969741
162445
734887
765539
252625
955286
744538
939373
3957
29054
700955
499960
241782
355038
128213
231984
887749
308098
683178
579144
798732
547302
889143
61364
992496
25170
311205
559021
880017
658870
213398
220615
140683
27971
718780
630748
575406
925400
330743
966745
48821
705376
608008
286322
282371
639008
358649
877233
488705
550786
598307
948657
314198
441519
956863
292106
189607
81200
206385
326149
300802
715950
261095
708980
747661
956342
114214
352036
781502
702332
620357
158483
564364
792514
800576
568158
100199
245133
910207
932666
156119
479082
184040
275924
768417
896202
414789
409658
994756
852062
190489
625382
176060
1833
544158
877402
119549
186765
642966
813272
585618
199862
190194
842440
222723
537043
837942
309767
421365
294242
250015
720391
616536
23327
327628
376359
935616
851823
497505
693245
323259
286093
63934
806190
421479
506444
512608
592432
984283
494701
571606
893172
705964
836289
589739
465378
857101
933226
231447
53421
562272
21834
307868
723335
327901
137849
518434
925482
203602
754091
648027
457676
323343
566345
874468
956475
111003
771878
513428
75336
656538
277586
90672
418392
559327
309947
104501
695932
139347
893259
908035
45773
70610
111832
179133
953756
107738
506085
205351
500270
483234
113880
865376
453340
389229
924510
735308
413312
338849
765292
720821
19317
194566
549041
894417
85615
983078
508795
835268
186775
887661
106036
230324
357064
878028
122400
423584
579679
682879
591631
678384
78210
780788
704074
725053
642888
460308
264967
256311
368403
323435
209317
673278
341659
470217
674339
803220
446354
37554
393627
616866
290273
849132
694722
327821
277864
684045
273149
771798
417321
861008
379909
3857
339455
376455
930089
436656
993174
284174
947911
209138
947108
348935
180040
820528
234596
734568
463674
787827
555676
651520
428767
555117
265188
260522
441063
473929
184257
411625
667606
940354
907507
308419
813299
816603
396863
156795
19142
345775
966512
652416
937851
985468
999338
672400
710453
770278
900303
460266
394245
607948
98541
768698
221254
349499
412798
353497
175359
465909
901523
80237
492467
768073
786565
832837
732920
406750
402952
389869
287515
675661
533702
451052
152272
841554
171065
985191
493408
910777
575401
110247
799929
493805
154862
649180
802962
891253
335214
259820
878371
850260
992162
437001
369274
66109
733446
49274
397314
477976
3325
211788
150574
921614
879408
250534
399503
334323
703529
269756
605451
288274
131645
361182
289949
263802
852080
826590
41481
480958
299273
308610
451982
259508
702404
833774
230407
214205
654944
379555
898288
309537
93758
374455
80126
729141
605434
762967
422023
13804
897556
225837
198471
530642
528017
951004
935915
680614
868560
840682
739723
612059
493208
389330
143493
513946
954697
997014
549615
404701
769067
503162
785063
222251
989949
376538
460755
261833
597654
620839
467693
570384
369440
370229
425408
155693
217038
312898
97841
360581
475963
402535
602901
967778
926030
751930
436218
432913
524250
661749
393502
76453
285569
130781
599762
551197
742740
65244
979291
457866
242933
513128
887075
629982
339068
599598
589579
161664
819024
984614
110241
822229
874014
342250
95029
65455
647473
66881
905852
996391
612520
896548
729572
446230
996411
553058
817740
204292
60798
823716
699814
553468
504814
828551
377701
754382
655408
228505
665362
273573
685577
793311
817868
662950
614770
70700
190429
823482
949380
952578
367730
793235
690202
393630
552929
730783
623828
521889
273701
712883
360524
635475
387055
230990
507582
479342
116944
930971
916114
376777
285903
740526
358753
151642
867075
817826
720155
87670
984430
487124
894642
930376
172376
610320
218961
426390
805590
79796
884385
240808
539261
42354
93305
430453
652443
161310
238379
7215
924431
428783
909857
325892
689286
817822
69830
52633
977526
598777
486792
10151
272062
806064
320261
458493
908841
419129
901630
542119
480157
779627
765329
419700
569907
462768
230126
404359
760567
183388
654509
850680
876284
85622
218173
723202
43607
550957
469000
118545
837113
603617
76617
398059
921070
899620
594975
647747
369581
665046
129011
992377
871911
879229
632016
418809
20824
70298
42089
432583
745977
311631
369744
468042
291133
635989
567977
141849
811244
398359
394488
597682
715026
115737
915006
159638
751048
958134
295408
876153
557652
685288
897097
131460
238503
677580
11058
557786
529905
778600
905181
276080
429705
470346
343324
545967
351308
148058
566272
634665
902075
592069
67658
36039
376792
621824
593077
257715
155700
837149
844037
397251
174326
973075
969675
194556
223581
684664
401832
948999
24771
888303
128289
262613
635228
910625
426032
913043
16937
904112
933425
801956
765034
320365
373219
98535
494351
154604
858557
982394
27619
240932
549540
307703
157170
479521
943129
23280
663795
976158
173314
759375
698189
230034
66308
62100
532431
147593
253302
762107
106111
438561
260891
516346
81415
888483
567353
398866
207311
803696
542508
261106
730417
682460
814763
335309
170569
271759
260986
902810
801783
887514
45855
501179
245477
458122
707208
591508
607946
827268
880327
430051
384204
206424
732675
22489
839772
712274
213928
403260
2998
58577
792762
780098
412666
685996
97383
993294
894165
600910
559515
752169
689607
732089
190352
162953
149822
788391
660571
413818
451000
11578
321384
22104
717918
252001
496968
511127
203527
977520
248082
6547
617014
934404
603607
762062
206064
812454
277185
16538
670857
640138
453571
218171
926427
658143
6646
468679
601705
350385
348167
923409
699574
744854
67322
370789
704454
720966
352556
274586
797855
763532
569844
454132
654814
368583
61249
35623
521965
455745
822534
225191
747128
198360
873433
596907
419817
661995
543060
656200
560418
228475
484141
271879
496450
376757
126979
539399
844488
798009
190517
835121
832418
658774
161343
691333
79658
432705
650409
224048
781480
758772
230961
498509
988363
365675
929054
750126
318198
164636
636995
204660
127802
740938
39886
370442
318012
585814
270267
443236
307087
588987
703435
722298
7923
384351
676040
523345
548661
153936
442755
87114
765139
978786
108328
806194
298903
224023
143338
555650
292065
897420
785737
999776
955611
120501
434137
958834
858892
53768
851295
662808
823765
960175
836896
293582
134560
149104
621094
801375
302025
564885
368776
53931
896277
908338
219663
51871
474232
778909
506297
896577
45581
819069
186480
511935
443246
161956
427555
587310
27093
284878
895288
238483
32543
627309
904827
248515
105474
660342
860776
198278
795246
485922
704794
555008
572762
89969
556099
443089
487517
509445
591407
871543
250702
673467
542274
859116
729035
755442
114989
577533
510778
390505
115030
418158
158527
74382
918589
266290
473678
517566
796255
497132
845303
99020
6604
769921
563495
535595
822314
32696
150623
488977
742081
739419
51141
143899
5256
665761
337485
434527
66881
716503
289183
678148
819164
770801
372590
865141
619720
951485
210856
280053
778258
170492
23170
899276
83738
262359
912759
236782
23132
505028
458560
119383
426104
571572
917924
168079
679098
696302
436501
298231
100284
207251
68079
83539
753914
969901
308809
889512
450398
287689
772828
691763
921406
803302
402001
335922
575924
384838
685353
29944
860009
90406
645907
331588
976121
529944
966434
517893
371308
846
282346
124264
543258
424282
389853
494879
830460
569309
692327
53285
622324
564478
305715
441682
975721
100316
158882
715366
226443
565109
345887
661273
767607
995757
22281
422637
719628
730123
278169
62180
487083
705104
598378
559679
832577
706318
173094
562231
615757
116276
718954
266810
124758
174012
604198
45641
981884
959317
498637
974271
619813
194403
374826
220330
48213
509486
611203
341858
174300
972212
359839
311059
428838
357960
722522
51153
173712
62883
11002
984003
214003
708128
514454
232514
516797
232961
480349
167439
362256
957929
995231
459111
734115
682295
370443
186575
990843
895339
713156
490954
704816
54478
959370
654622
922959
461340
525601
770094
220905
828252
261005
977645
573670
88907
965008
757429
395177
954556
614171
966185
147968
122235
39189
928722
750530
689637
783448
878859
406562
855636
11283
515000
298036
929910
967949
474191
931913
436261
404122
702005
278087
174097
852266
429891
996608
447941
956520
255728
204955
176709
83717
987031
194460
695523
677316
175901
400230
996710
591717
181055
992616
567777
856876
908246
617406
761826
233730
716110
505122
33826
6946
931800
602495
369278
158595
87989
31520
696241
896982
124177
405515
705690
846038
243776
687479
259359
286993
846788
971538
675441
200652
587251
945844
480229
746025
365514
660061
468223
114510
172946
337297
698686
341890
406662
64330
767463
816205
760619
957658
643480
717958
342801
303317
958974
998417
534800
29083
944384
96711
563316
235210
887808
639134
803397
371565
420943
533993
881263
911094
857037
312787
884358
521207
764128
153812
245921
890721
325487
514568
713705
287587
150666
760644
1099
865416
154995
605895
812984
39682
723998
472286
683699
349268
606332
628823
966361
968329
399121
788337
351386
837164
756409
415184
274734
637177
673950
420181
971883
718159
938330
382698
974413
900429
573362
851917
219496
91676
341483
194227
376034
700467
124429
561190
831283
200780
545836
928036
417331
922890
288814
248534
522556
192857
846167
810780
971737
43329
451533
23086
346905
874743
338137
821437
679483
193703
113905
398363
918726
792246
37470
991262
865759
520031
303143
683619
33138
351680
31511
601972
45396
103337
835165
461101
500311
97150
59067
107522
559229
362910
584395
563209
751424
751884
505170
436760
183311
434198
77079
277693
313433
960168
970347
678348
151489
431340
374267
992110
286460
2515
881165
64840
83489
476714
654429
929006
652417
210622
494228
728439
520640
867830
895717
717653
84608
954999
648853
335060
720662
932679
72323
509738
983859
882549
7054
701795
571106
186771
463833
130587
15717
714164
744811
186788
245694
872399
702731
55613
677324
346725
509567
357265
892982
170512
138752
726954
355210
611453
388270
384961
390195
970998
146458
731742
430369
543405
920845
172008
157466
131115
704341
263839
222680
40330
853486
225607
187910
443823
922261
475725
208541
776920
193867
863971
864197
164292
196415
899522
693615
671562
631822
969250
781288
231578
844230
454163
425099
275950
104152
465646
398198
806461
862410
184630
302088
233755
140450
16609
97588
576842
43964
178679
307381
132945
181317
848537
247081
626260
685250
358241
25550
933438
686246
76555
424446
712740
335874
617977
469438
708417
206515
494694
876164
659713
963091
713852
273630
10467
170026
610564
179257
24003
494375
438945
179247
686985
762539
341424
376705
391421
879698
722801
997170
905821
161468
902869
776175
362893
40950
231643
705151
923403
157154
318154
572979
831010
872337
306173
833609
181908
262021
66540
24489
787675
730929
887939
165273
113161
176049
879899
252893
232224
359193
121727
348213
855300
942046
926308
11161
777222
646371
259823
38341
513936
850600
553167
897290
244670
859916
695998
930057
993433
570247
395458
611340
816255
959529
753536
870433
767942
934146
815202
292344
604843
82221
797737
506251
989578
129216
359725
778255
185016
962075
83288
200889
940753
737613
341116
161966
608571
529829
77482
824047
100569
596319
234982
518248
228637
208915
210313
836153
544699
342977
33332
970843
558574
213167
470771
336167
486548
7772
465991
995604
308313
944816
8563
71935
661510
803308
133642
517008
549806
196973
618001
117491
748405
337955
241827
768285
115075
717163
370865
287029
323505
663207
754469
405240
898702
385140
149256
284310
998519
71760
727522
22098
17670
434776
193884
957988
105262
573781
232447
492207
388794
154609
599148
478521
264323
725954
398302
13354
495182
704309
247203
936345
5302
941178
517219
172253
730562
970506
564409
836422
82812
3106
679777
718212
363514
971984
581451
979049
90988
180227
179974
771936
694435
964702
85790
963333
309401
72172
427101
266947
843825
557326
275521
957136
782427
129624
170231
880055
106995
465744
842643
471940
383692
949832
818101
476828
112930
984478
334139
812959
383301
228156
787365
386202
523900
429795
757073
906664
27335
294634
628363
277636
786174
518652
950339
404848
194571
56385
508223
591811
178352
662580
324213
32781
532331
414825
224647
347223
294687
938287
365340
780596
89738
513952
973626
748647
864887
392743
659892
251311
800980
224988
528848
710990
23690
762510
455128
118238
126313
971185
540171
821713
347691
702553
489113
803250
153017
842252
925113
431341
889046
60175
163365
82574
345094
193547
254106
53008
988860
185233
199680
969668
995435
403375
417915
268165
296817
899720
846041
151227
363799
744594
714472
953289
837512
737719
36108
277273
527438
715366
387360
580715
552021
689296
397220
148997
683019
188679
338370
201204
606377
545690
364875
799207
222697
691985
787130
36838
178767
320906
242470
437799
892016
264778
594196
885678
732587
906002
123924
313748
705719
483660
603533
849744
475245
651343
460372
672643
437867
173724
72931
207134
130348
718089
759299
152244
593551
632432
880478
882905
502475
564838
338864
52929
181863
713398
499677
769878
335669
832908
792060
605681
2637
147322
548252
339460
40142
659935
38193
512493
628780
455858
830488
457226
589503
722753
138976
594574
317511
862745
192924
979975
271485
577736
260023
775839
558786
70644
772582
5204
123985
92838
379435
989489
742001
941883
389722
700222
34080
896270
173900
585119
758555
190123
730466
79328
623217
339062
137357
923900
383492
970042
708744
81233
300576
660214
299053
436869
581733
182324
963154
512143
396972
285943
652763
581177
992456
347806
124012
654480
938314
412177
744616
869444
872762
202389
676804
217614
808736
491198
199747
296562
283696
177084
226097
546958
613853
640111
12856
631748
470270
947489
63636
289487
70053
947127
855484
54639
834933
805247
759942
307940
576230
375277
426660
347499
346216
752211
733784
29660
792976
321129
198106
105613
496626
12148
295382
24374
892041
616368
829485
34856
161953
186694
17379
979461
349000
479534
897880
759762
771083
200688
411426
226334
405541
550183
495915
489728
168172
865333
645634
816868
50195
777413
316084
213985
882417
908498
949449
250496
138964
843004
826240
464078
748770
960090
147133
819991
19129
229517
304920
192371
295842
876811
474750
944754
817696
67772
284386
952909
909257
573727
303359
304772
777902
983296
959043
39478
835359
374270
969015
72658
98361
436031
562968
952919
648799
567081
25488
211141
830289
570636
744032
831503
545471
5322
370107
740104
592174
630699
412147
989406
399327
589172
751249
792498
942706
496669
618021
226268
333418
193153
982432
229704
610132
16444
812111
631075
709532
649810
247482
662083
10382
698115
101956
162055
367852
990052
815958
183310
944303
785246
907944
391429
423567
787783
758487
702132
957494
622003
72204
383366
598099
784775
610750
660320
86708
54168
695193
616581
859697
975463
250396
860845
367930
297809
969860
592172
262886
140963
642517
748878
390163
600498
245816
222136
163464
25023
438547
381533
678230
142188
498633
472649
777478
119864
489861
588355
540902
961723
731863
569422
991699
660311
984226
360975
979594
418934
932820
59011
144543
781162
92821
58300
700836
526512
263941
111584
897116
134388
763960
412277
304440
673419
435689
963628
827656
293393
35958
98183
131957
71085
302706
904954
673289
716203
202152
106689
293792
241880
587125
81961
862753
215871
656127
214552
929193
415714
410568
9533
785295
439896
403317
80901
604576
197320
744144
789714
761203
60796
157981
917971
853982
706505
977169
491510
273183
197772
511177
754371
75916
179160
772518
480631
813355
603686
935497
304052
189323
453844
982803
214875
30527
585865
609889
366804
315636
457884
659772
116737
958314
757291
20945
671312
721936
194826
966594
179058
342811
553819
315468
268438
484926
733513
359206
910295
26004
275070
10940
877420
870445
556105
247234
348838
345832
830909
930930
581670
775508
498658
135645
903987
850318
501697
510439
10458
567973
9925
567253
699447
572482
715796
501230
690351
850131
933110
723128
88100
39406
414798
775512
653363
681013
487700
369389
39861
883330
356521
60176
29427
863933
187153
101481
706093
407769
33335
497383
614763
274680
774630
839954
792286
232968
130551
926743
904634
458751
880640
95170
792605
804616
616953
578772
49999
84589
975946
175888
783623
221004
137674
629113
332977
498510
469942
837031
395375
226956
9845
201638
81666
28635
872382
215359
214853
510567
336577
817476
765844
139066
536390
599386
201809
662973
364433
283173
139260
20904
714724
190460
146634
867568
529489
665601
333276
390439
913096
959053
483487
147407
988644
386318
746860
759941
811581
824045
875229
356863
79344
343126
115114
375344
789762
38874
816522
221616
768934
265799
55888
625947
30176
159124
81743
585805
632172
329560
889056
166993
798774
323439
39524
418408
490929
983157
670013
487258
360438
353767
420244
264948
189480
132131
305667
676749
633997
881754
436769
920161
956960
124048
5087
554265
427553
413260
632493
662665
326323
720398
277830
860133
16057
717901
950393
1625
754926
509011
157739
762907
777973
354431
849780
467152
43605
692098
84606
475004
783614
679909
585629
285317
185209
361688
775771
874533
918027
907033
808954
889993
49567
346562
773434
6440
271114
3426
926367
842659
374389
147932
706258
217508
55895
797811
312169
935987
47982
680174
36263
399313
643885
517215
579581
101131
681797
178156
175256
708461
172845
215927
279763
52214
557508
234135
526233
270204
231971
378601
950046
617275
583841
414571
450166
570025
489274
613650
42872
784184
145402
28762
246651
50316
147461
811576
252883
382063
281657
229981
19894
164966
495149
833442
716299
389538
856383
376327
128285
749235
326004
262758
187791
858208
910992
929659
63157
780947
557476
711113
453156
84969
293669
759103
333376
451953
502952
778605
8305
109783
330146
578041
284196
38300
906140
881641
371084
255891
958830
582164
841443
788589
392168
833155
890287
750727
943253
177715
737097
999629
100961
804068
837347
889284
223600
862699
619668
747092
166905
214877
624720
87357
739435
23996
187193
773605
173805
143476
744357
691106
491267
797638
774556
477270
46618
1996
35089
872304
59421
979025
495982
633564
874724
289581
702671
560745
174492
608847
642588
707156
988104
128796
949824
342839
154089
5687
851443
920947
944113
990902
424070
490758
945701
998043
508982
967954
711391
467673
80990
414261
411386
792915
85315
483272
257247
4821
807783
598763
528332
782621
936052
640089
378379
975267
791349
844767
900430
385234
624672
841184
654761
963551
587945
428928
212351
769484
261118
343936
477132
743227
646601
966404
787355
246995
197133
699647
845107
913525
422701
36576
529182
133891
403741
178609
265142
222179
177150
916475
83923
701608
359399
10397
498561
967844
827277
799656
521749
443960
201540
833106
78354
91666
611590
947945
25915
274328
601607
831208
965312
343185
63037
373257
206998
418374
197662
303479
977590
538143
842676
838875
518392
151335
643525
322368
622778
122000
770523
207764
248608
833138
384516
621853
838474
197579
758758
929275
426288
12879
169559
594416
464615
304693
309250
681890
287753
743145
755991
655441
119255
240117
441161
532850
179390
535596
935627
189618
773257
202547
977852
687101
942625
171910
864640
547408
200802
134129
216969
814368
132445
888676
163329
357345
861275
213201
124095
925715
608966
705179
149705
547285
50281
709090
658549
973507
621123
713507
678127
95735
203481
112709
997047
274560
215205
164374
790130
930993
251079
63933
654946
787920
365295
505045
566130
85330
245272
187187
907269
291024
600331
649636
896428
802590
396796
833140
39977
180122
743022
589172
636842
508172
155902
272284
611843
443846
162275
258816
930837
698342
913287
454988
699207
809366
353564
775327
160147
624370
541863
812292
784201
679012
617579
571639
477632
645048
367132
469629
428365
770191
81517
114899
282700
902398
774928
214765
448952
74069
945503
156191
194941
361390
10709
516634
625464
254615
520718
673685
918447
10425
618381
11420
939812
866716
552087
844798
979017
210053
768842
71543
267073
474968
289777
780371
736653
380465
461994
946022
629340
80908
683195
151113
229735
567353
720549
873245
227239
963087
302869
559752
865509
880973
17725
690081
110173
356425
385692
770857
922772
602164
816903
738930
162742
191219
847946
954081
983759
155087
885518
595600
350571
242748
342205
537818
746529
520731
258642
114692
894726
267148
456613
258480
6848
858225
562166
227243
103868
457318
346487
675736
367350
689077
788472
875421
780537
890926
698016
450465
739887
384736
299747
705986
223157
395499
770170
473290
578032
779339
451091
988667
126605
777273
675001
446664
220120
581281
140470
507528
648587
513283
545114
782094
832421
418465
312116
806396
622312
501961
479582
350481
20774
264602
436692
703721
22968
318306
245849
684776
795962
977981
349601
187238
900642
463053
336206
474977
389913
9059
991790
442886
597571
281047
678418
608035
144845
977412
345284
635414
774167
86211
212113
470910
395499
442525
274557
272511
779702
586409
274815
388573
431711
676389
996334
279892
508631
73083
944789
647169
968316
690195
353730
242244
956580
972816
895244
109028
434888
376806
971621
366899
315886
458282
148965
336485
552272
673111
813435
756776
447469
871461
551494
906742
176288
393788
46527
693919
859771
392643
79154
133619
157216
538425
450229
660284
532507
728592
613327
404368
643288
734449
772840
575290
899475
333151
657670
620142
84390
359469
599595
684768
451314
554263
61566
303381
128357
269720
817647
572224
394883
271469
712438
63444
124001
19339
973578
206470
568228
985365
16658
922333
918860
437097
435405
67877
407244
595305
785751
834017
484558
997566
322813
346710
566396
532633
204449
190365
664246
16655
511094
697579
247494
41494
732843
120645
392013
874583
298394
560927
730824
730035
732842
53732
45014
592719
752856
341974
527986
493376
6554
552616
606045
439641
575070
636356
880070
899019
990472
421251
874283
527384
558451
309780
318973
924646
839286
198205
849124
90666
678316
969948
528596
615886
31210
406532
443021
517161
17461
843636
402603
965685
24720
350412
939204
930104
613993
939016
652825
446831
470526
46106
236724
607915
214161
237527
927412
19353
996800
9976
453686
870704
637555
216615
228597
563333
636769
483906
868160
302175
649657
965663
812590
577079
169631
572511
345183
88885
252697
790739
208216
405330
381664
945390
428062
891567
554966
421891
436532
744494
684044
906692
925345
375877
625760
291733
499907
245005
253280
247644
521552
504302
841723
167623
456953
385347
754716
934028
580194
798057
245975
823816
967991
445897
921498
106381
589158
856731
821828
859707
355981
424574
510568
749233
789177
292070
250095
655343
168475
799839
103489
203339
43186
880300
293189
750299
149988
689183
561506
879784
931199
449364
746746
723248
230991
370382
373051
529784
883938
462073
209525
262866
796509
871739
674295
750305
206216
842675
220178
266762
678052
993088
139989
143800
636205
410685
864532
116121
440305
900186
325213
84748
363531
824133
661280
924929
710962
169190
721459
272774
806524
912597
939827
251328
130905
725130
733113
741633
978413
165301
785422
221654
868795
205332
608826
17920
266175
784409
492394
60304
126127
723754
682531
907313
395512
410730
398998
809038
838579
618676
278255
737381
963238
414395
737216
718595
700938
335057
60461
128067
561928
437752
760872
226268
896388
713795
997990
613708
237611
779016
911880
566599
187282
684990
68601
130765
792591
992056
728069
591195
341192
533913
840554
873075
165354
36933
666152
377490
917847
566505
318287
833554
295863
393319
228458
154393
717300
539167
707860
330084
210115
901505
270761
271760
280015
862319
83848
723544
830675
334091
536022
205577
661361
720682
998235
171379
303235
805843
291303
338228
329100
247227
898916
729507
304886
298405
943082
177870
412042
17829
847654
718123
708876
73735
343709
907740
655387
743556
679708
65307
513182
958533
715636
655634
464240
234797
509400
70701
588272
691626
425139
22978
600468
841245
312655
686207
485147
196137
669658
704710
951413
625231
789026
819704
332498
441038
151562
730451
182140
563201
820768
126174
390592
774798
706229
994593
63176
152349
20354
244809
705390
839919
459671
77425
855897
976290
91079
515446
341270
904101
489109
723276
69406
812497
726110
384838
623444
162004
409785
310114
976075
940930
711311
380370
175476
391318
107776
253570
28949
732551
963432
932058
631578
667144
507519
907239
201683
88763
678182
994498
66573
496873
52340
103975
390390
255804
901958
300693
156884
499833
451041
164459
512947
495787
246345
187721
79069
68529
930379
792910
729729
321184
996442
631243
618578
227973
920177
180903
260005
951619
310273
430558
207240
415642
653560
119523
937009
118323
579503
878952
345221
206501
62163
538450
599679
640995
500630
182748
254508
27501
541880
551681
266957
48925
260235
48612
850443
27029
559588
967159
153645
828532
744948
440586
561263
867820
432307
505132
863691
685672
870306
115807
361164
139497
818249
642158
176869
159555
155743
120301
880013
231420
617303
355778
694700
883553
93459
270573
59429
870117
567092
408740
810881
694729
438614
36285
365072
490561
51141
107114
394584
279178
