623523
769056
973508
802715
47183
137831
238429
424614
193364
405832
109143
350371
271264
389019
754732
727980
664256
140904
659708
177601
30739
521010
669253
555986
22078
693648
642392
532177
38099
219776
682233
845972
978592
909921
935358
421687
841521
532744
782281
600669
41688
706132
632925
174732
867156
54119
550603
848847
816352
422629
744760
229729
817231
60374
806027
485652
266376
50857
58945
676431
796810
466603
854728
171774
866564
103047
430883
393024
15519
257078
495305
618273
427683
940254
702895
814698
24690
325164
922168
494614
454327
201296
916411
303016
420355
476567
719701
645230
858368
226946
245957
68335
268767
132971
192349
576315
314868
674424
110638
231588
999539
850854
865558
877862
911549
309167
592486
255630
395387
169855
207421
144771
433739
508726
458253
501642
174374
655834
13628
556531
164485
206811
559982
645443
611421
560921
336936
423204
63090
511029
292380
343101
796393
137295
895711
91070
807571
107028
734944
625582
660053
4450
457140
543895
758453
753980
162759
572722
34020
257338
15032
467071
376230
609102
497217
484023
65380
587657
117609
380397
808210
938386
377500
802906
7588
472889
793363
306643
595311
919360
696798
479756
856404
758105
498374
945405
385571
26331
74223
383172
646953
990007
732715
573592
973928
494878
257565
704847
844754
28474
141419
894937
740614
229369
937006
259275
350341
936266
328682
40536
306941
850255
804582
922361
463007
143566
73625
791576
466169
443850
224175
614984
161454
948971
655351
323275
44093
232280
658403
391362
512496
474013
171805
967820
118277
153658
942078
16723
364323
513563
664303
740207
758718
292987
725127
277632
108036
722412
132788
313518
479150
261670
461073
753817
243981
455666
359952
36202
30657
781179
973855
614851
537642
439055
122681
714378
18535
121149
907446
975996
415137
708742
418704
159339
82806
278743
313794
519651
337195
642948
526360
660871
251780
943041
548190
245772
237239
153457
660124
436722
797119
714484
316613
35262
661622
402404
495283
457884
663099
88716
572074
489686
204392
382612
784077
800887
335740
584469
549653
691771
407276
205635
769720
115724
865596
710138
387887
370064
265945
245643
662799
283666
56138
439060
689554
539476
475011
157514
62881
563468
932846
580721
123970
702979
585380
407961
88886
134654
51998
607147
349022
64452
906366
33626
588431
523832
113155
834882
431133
304512
144238
331788
75204
255067
50500
381659
672553
155863
999343
233963
839922
256278
528843
907526
921614
484555
119440
392926
850484
894904
426955
767545
794135
694215
970064
435533
160799
311557
870485
70652
834590
807003
964861
333582
604871
922753
431134
719415
294335
554951
591585
767260
783623
542948
436670
133371
539892
400136
872417
973581
643179
665743
942958
922374
750452
902793
907418
909095
867822
352879
664959
160658
836953
710188
567703
160834
299446
821512
321012
463440
492544
790903
984930
67283
613954
833090
110417
897432
481998
298915
795900
319845
727209
541635
594128
752667
217094
515880
444882
575245
570329
666159
796546
876876
991228
365406
666452
674837
999251
142213
682911
133477
407264
439962
361491
856212
967562
658786
915995
191227
695923
460226
316485
282756
551384
237440
177939
975148
710273
530802
673071
644702
77509
216154
983729
669488
587167
644598
623848
463432
158110
48819
390084
928351
901632
809230
973364
406903
672924
424236
579822
141876
946735
227787
103210
396744
855422
279239
851101
551553
521269
464908
358326
793731
794722
791571
100821
528565
409425
548925
393362
524814
557017
478714
894108
743183
979353
742414
828041
526545
420327
732542
531223
524622
164391
311179
768559
231686
257536
555661
903759
167126
896283
374078
178231
813556
122095
419515
728331
692629
154909
959539
401260
848529
804049
313066
780158
55933
614489
527196
24980
203566
261431
393343
5574
228187
10096
293754
212084
887566
619700
788976
317714
800806
192372
106019
558605
941177
893829
663323
473296
513064
144105
657895
403987
496121
826201
378875
913506
17002
986177
259049
808091
298828
1489
347651
752640
298433
914434
762988
632194
450501
634600
592305
939110
866530
110259
916221
522110
323645
171292
573398
71265
693983
664361
704296
358586
933923
734111
347620
328669
723584
320314
441490
589301
453341
5619
201356
517489
652410
677432
507756
570434
935515
930195
557750
528663
631013
707673
937252
809953
1940
535614
618424
498644
725154
605508
381367
147760
244355
753147
714735
825949
461962
160589
65845
378616
620785
932688
484395
659538
234151
198372
447622
663226
699703
33311
786493
170435
535932
216405
976802
937355
110447
884014
239380
325949
648556
810779
350322
454013
321029
697426
187742
975941
414593
263557
184446
724991
491129
821132
131015
286843
580594
52956
309400
789803
336804
55812
133520
703831
457908
398429
218011
652018
297501
31143
328131
391858
68444
640447
421635
763218
540721
395920
81211
319384
366508
513829
508916
828169
967840
984732
487205
558069
691480
962944
286725
205692
458072
519809
136649
930298
47134
628264
140447
747899
545315
880222
309276
184346
500305
765326
288718
746502
152195
585110
667681
643483
188648
9163
494370
779948
662890
991931
461925
915620
305648
456343
865439
12482
910808
745
874646
498228
307855
165557
999632
81591
733904
634680
691892
581425
120394
816472
572485
953106
670275
562320
126012
181772
813420
913924
926438
979990
386679
237566
313178
330551
659227
661416
951725
664383
671673
344811
713613
379593
109691
350102
517376
321965
975546
706283
373039
33677
937011
651065
462346
569298
655711
43856
941690
982735
105392
924804
386333
732429
419574
150611
251862
619458
852206
307863
578864
460278
479797
986651
649573
872588
762201
208541
869505
870621
100606
655048
379145
968633
463978
565487
425650
989394
483470
624513
81050
751502
52049
328001
190867
754403
766058
672031
788767
815866
711483
481356
34598
880436
819797
167319
627696
235399
418298
989790
321942
161266
914127
251229
909661
428179
508417
126543
870452
928311
48181
98180
705369
758468
496846
228096
534955
341540
908727
381562
221653
790484
628573
881651
232700
181689
524165
572520
914033
688570
156630
88543
794804
127294
520285
581637
720190
932626
595673
983239
626989
327134
129882
493047
717223
949230
825641
467112
198287
15308
361605
645765
658845
232192
633514
226533
16576
221143
761685
331514
846494
710793
378690
962344
410715
515974
225985
353998
399712
842842
711223
264680
40063
250949
136533
854763
110890
920486
627846
256351
364517
460678
650056
544300
688363
155081
280307
705818
280194
708895
31292
520431
647404
577229
486288
152323
266042
501060
657301
198704
228328
879081
69611
542495
154820
911631
607408
609411
977248
363803
321422
835625
688094
104422
216440
937963
92282
858788
413557
781555
589279
17608
349248
125194
294699
629834
702975
498405
508003
84015
140357
348104
450271
692634
699652
158101
880808
32917
349268
69534
920048
252417
813267
627999
4004
447036
423372
720011
826597
244790
780185
440220
206212
868340
483612
916749
510261
